Amine_pct	Delta_H_x	Delta_S_x	Delta_H++	log_10.zeta_x	Delta_H_a	Delta_S_a	Delta_H_a++	log_10.zeta_a	Delta_H_b	Delta_S_b	Delta_H_b++	log_10.zeta_b	part_size
0.148486712027498	-92195.1209848821	-229.546287009311	52908.5302876445	1.18993761998816	-61307.7588800205	-273.356989619148	69156.6927783981	1.6691793454347	-73863.1670799111	-261.549306628923	68085.8194727861	2.15299812605651	118.008923870118
0.15923663896785	-95573.4842075786	-247.530638090529	54597.0147709277	1.5016652728534	-43649.787477845	-314.946056012575	87904.0580447858	1.96596515821234	-76312.7881037481	-290.164295552194	62371.3686388958	3.03290572762572	120.958990716617
0.143188718801972	-90974.2123501914	-227.83298650175	58155.0976428167	1.95536254492209	-95521.4656986844	-292.780096249825	10192.1446389669	1.53665731638648	-44197.9107983543	-303.171031961482	64718.2964538243	1.19185956067642	115.486496979421
0.159478122822997	-96490.0109756066	-247.177030069064	44717.9264676551	0.414333596444309	-41236.2516462455	-271.005418644908	94680.5129857658	1.23531534127795	-62126.3100024727	-209.737511774536	88379.809905247	0.83243860836439	113.480399507651
0.13782740970823	-91935.2857790508	-223.827685027215	55059.3492975785	1.24575770531039	-65627.3285356162	-312.006067005047	32324.0470824031	2.25523802040561	-30201.406879465	-200.14219528715	50951.6160233527	3.92528507650703	120.939347967866
0.134744244059341	-92887.7882601092	-224.421870879587	52639.5854760826	1.24773523102761	-68275.8975695829	-273.8717252218	71021.497145488	3.34984013564858	-32880.6219142762	-277.131294386822	80174.2348243766	2.94425541486019	112.5414528004
0.144162205826243	-87715.021631111	-224.064469553548	55243.04037894	1.46114904929688	-10251.0568081544	-255.661898209182	97748.3053706435	0.200787848636553	-35035.5400319587	-269.74511134232	110920.833199806	0.967892855684693	119.123745720154
0.153962490496744	-93263.9140860881	-248.052653727055	42954.784982176	0.862727436822647	-90935.8249253764	-246.012810519765	77020.732107247	1.74648285852759	-71815.0161253679	-304.104904221944	28026.1107786417	3.05482144370537	115.802756651972
0.153409257421111	-92697.809270533	-227.982372700429	55156.3818258671	1.32422301481483	-53512.4964752409	-214.826038203687	15820.4442824075	0.151089152027805	-121908.24848206	-309.293873115253	105566.311877624	3.48638971090021	119.926987780616
0.134858194075966	-99606.9631600017	-229.295069803943	53449.5543608617	1.44773637098894	-66540.0474005609	-298.737672902629	99581.3255133955	0.895973324187933	-49969.6732343314	-200.853503562428	67759.9749292323	1.09371992457545	113.104117813887
0.166045594821046	-102257.985273986	-269.711685458346	55329.664629401	0.554711796591922	-14046.6662087824	-199.679890496334	102299.471881342	3.71496253454431	-44947.6474187227	-226.112088461537	74631.2550618928	0.0302963870758465	116.578172697623
0.145842729215789	-91969.5618535503	-221.918834617208	56581.1326502321	1.32623032693728	-26870.4571280948	-290.36021136282	53636.4855781028	3.6494540015109	-35005.1753332713	-211.707116914213	30407.7222918993	2.37348349602518	120.251856178979
0.145481695868966	-86912.9991280308	-214.785134062585	53406.5407706269	0.746810494810258	-13535.5875378394	-310.82622277565	84847.78263639	1.61085838538948	-55151.528875758	-246.066659422576	76360.4522944694	0.806059500810658	115.492443716452
0.137766749951355	-97435.97180014	-232.375861251709	52847.6270301728	1.08805454875452	-90522.205539613	-297.863909923104	92021.6846410548	1.02597417059946	-68083.0583797127	-271.687026525128	99015.3094239973	3.89528231408186	118.311392307019
0.137303852962745	-93665.8561941057	-223.751016471361	54191.5950178892	1.33827524380024	-80867.8890829304	-254.198209436302	49140.4395793723	0.964111378597321	-39154.9344585591	-230.647295909597	54022.2196594251	1.10404478990989	120.243838011
0.154960768823491	-93957.7845780792	-239.380856272442	47528.2340414694	0.735802667760778	-88105.6625475372	-316.09134076772	80283.7817068522	1.96343727649828	-67936.6038181461	-248.385392210154	90300.7809539726	3.51843281507576	117.036584318187
0.153553416015405	-90292.8999964644	-222.517256401754	56787.0922750858	1.31443739213902	-31313.7125104414	-287.712559855976	45273.648745874	2.23137862650083	-133341.591300954	-275.935240570534	77617.4582672832	3.79713660052342	117.978792644322
0.168591098130315	-86768.5005571505	-225.941728705709	54635.8657749858	2.12691812721575	-95665.8371588446	-217.77713578734	96206.6976413834	3.41484383173799	-68273.6996181547	-311.42969583969	66049.8636279702	1.44987726823318	114.942053225895
0.149350946905872	-94487.279333555	-232.400103331869	52514.7474837567	1.00941276164302	-54706.254172571	-305.342717205663	75930.5978052671	1.54535800037581	-41413.3518823442	-205.681361857118	87675.9851095914	0.00467997761459175	117.861151657075
0.168160135275617	-100542.335638478	-271.631207858039	56300.0073999163	1.87267047163598	-32504.7020043264	-302.5427579491	112492.469700548	2.71305683094131	-124204.81227256	-240.915766313291	100449.792567682	2.03283210830644	119.534953664778
0.141734108413182	-91828.3461316863	-220.741922097224	53524.9154614187	1.52369239986847	-84890.3154109639	-298.712169240525	86520.3205056394	1.29658985007773	-65564.3538056183	-280.178220610842	41452.8508167152	1.27577320999777	122.036252240979
0.160263861061499	-96052.0041425812	-246.295189514136	48427.3241741342	1.92507790157819	-88337.2939479815	-286.717975121393	61352.9078096085	1.48372410394457	-90298.7552702633	-287.691174136913	65437.9508454137	2.89026809308431	115.985979638765
0.151496658395479	-104508.652979754	-275.626216626969	58430.5551913643	1.54307983092833	-91934.7741998322	-235.060429341484	36072.2452730698	1.11870025799032	-149389.093795901	-243.940478921367	91778.780364293	0.351010447658591	117.353064428049
0.141174217460162	-91906.335476833	-222.88634868159	55388.0147884929	1.84300821292089	-54286.0700606693	-305.02690461586	119632.594153176	2.98842548274127	-38257.5789698873	-276.905756984147	98769.5426896932	4.09636926883322	117.519254522716
0.152938991826353	-88010.5609030042	-216.688639365798	57479.6519768271	1.63364361800201	-20796.1531629193	-212.560866967472	16089.9983880055	3.29994295464627	-48792.0619507599	-312.56808480309	41247.930625988	2.70517917398657	123.302136125125
0.146688174008161	-92471.4746941515	-227.877525191961	55437.9630368823	1.83464713439546	-76564.2587845244	-249.95504293023	44511.7121251377	0.0340109463614373	-115048.03530835	-238.282803261373	33521.9526294136	1.20670300394219	117.599197490905
0.142777107197829	-83293.5065714191	-210.695509208833	43240.1999121664	0.366155507840657	-50270.9511830885	-261.555469972997	79803.9908365567	0.706996095032205	-69261.9603806592	-229.17729273915	104598.093073196	2.04283761759453	121.552349497438
0.157110583766034	-82649.9589068745	-211.039232336841	46178.6676339674	0.115240228171226	-97197.0865852945	-258.4338163108	110535.750991281	1.76540153119359	-91965.0823941404	-319.571184976479	78772.7465536867	1.77418783923106	120.279175850589
0.157089590035724	-100124.164290984	-257.915498711798	51859.0897395174	1.5689771008857	-53952.2830943661	-276.331333966506	110279.358497756	0.465971739722784	-48207.3010495369	-266.851210752772	55806.754124692	2.07591040192784	117.5918756261
0.146568511618451	-88599.4891665078	-219.093952592985	52794.971005721	1.252970880168	-39009.1829056535	-270.139963042365	52056.6773952954	1.97157303532395	-79117.5637061143	-316.972449075863	109724.371759874	1.34072703933307	117.045818603127
0.154317598425376	-86853.5090922349	-217.878829772496	55415.5529510571	0.749641019441635	-43573.0800443363	-267.7978716826	79687.905701893	2.06238293970756	-80407.9132702608	-254.673997301265	28682.078206541	1.96752346536447	120.160974177369
0.164058360381514	-103588.175363229	-270.962919906876	54350.8226711161	0.463048132095539	-11341.6123129287	-304.979884432814	39871.5940780566	3.57648012859817	-36967.1266131144	-317.521079860758	81661.2682006904	1.79710865677469	112.658907333741
0.141831240241148	-91445.5867123769	-225.327650715567	55804.3727793214	0.768655403371609	-87488.252552783	-242.911848964722	103573.68932771	2.60019630970549	-117982.370470835	-304.188160701448	27695.6239497032	2.05853361208019	118.807386997382
0.169615041848624	-90090.3996867346	-240.116848472643	49146.2432035139	0.622458429538832	-61093.3188096329	-291.450682262618	25576.3395105159	0.921290642085197	-99188.4251878798	-298.20409341316	89304.057326548	0.196158755408091	117.104060879111
0.136054667988153	-91539.3033395182	-223.974031699074	55672.6869606763	1.23672007829527	-46112.7611351753	-263.232423715976	14886.4810696537	3.11787760626331	-36418.1232553777	-243.090464691637	34582.0073784728	0.308051427009022	121.153670007738
0.14100973969069	-88570.2782745402	-218.498493915816	52923.9244695261	0.812283745269931	-87460.7366165533	-204.849367919463	118759.585620612	3.00122660912015	-51162.2297212075	-237.852353970711	93700.0293488648	2.89042613531064	117.812509954609
0.154045793098985	-86885.6473864948	-218.724377758329	57634.2134158823	1.77004293970643	-60788.7986161927	-309.777340608866	98638.2782657798	0.296032572372297	-63464.9804057947	-249.19067523954	75283.2097303655	3.56270687399139	119.052298055805
0.159075298031912	-92830.9656662082	-236.200869870852	44517.3268144995	0.752228486404715	-61093.2343067502	-308.986328991912	101616.03687201	2.34177663023654	-129857.145072247	-286.231837987174	86315.5994700609	3.10620363824304	116.362122168484
0.133296078696488	-93271.8354769429	-222.467410562917	56126.9467520305	1.41136059544601	-45259.3704446027	-298.138169453746	23835.1277255751	2.32787324860917	-97465.4961283462	-232.919579373917	64580.3072836628	1.81113321247771	118.514527514524
0.158446205274784	-92148.9227421966	-232.485859734812	45993.6529587542	0.679987894193145	-29036.2913175044	-209.322669312056	32487.1541651306	2.28605913135201	-52656.744363161	-215.475040993097	80011.2733295324	4.0531475316528	121.010389374636
0.155262937097624	-103772.86537358	-258.644863991043	43818.8036039361	1.0558202851636	-45623.7463004118	-234.100594186287	104824.432076916	1.50804340458336	-43745.4252776329	-268.625950233802	30015.1540094993	0.774429381043037	118.341887334992
0.151922131863749	-100830.568928425	-254.971942737489	55982.4262306762	1.36755242526794	-82029.172689144	-277.480551246278	112474.807557207	1.277655249929	-52373.6611884969	-268.790197215656	28898.0312886045	3.09355473164798	116.364320144225
0.160135607085083	-96700.3372090218	-252.795438530476	56570.0852528871	2.40925172039973	-89982.4465469035	-237.789711091723	14742.2196748862	2.73051912511692	-126573.181642321	-282.900308929578	43146.2855078718	0.528786996252094	120.914834176654
0.146839730534838	-93921.7015976762	-233.139820489446	48099.3689440474	0.497426784857272	-87204.5419139503	-304.468888018393	84452.3942787046	0.76365239452253	-78333.106567474	-300.787474342992	52082.9786788244	0.921817163691755	115.551812757959
0.142669319572249	-90192.6449320579	-221.521946618235	51528.724532074	1.32617834365634	-76462.67973194	-239.005328227343	21747.8651213457	2.694513491989	-72211.2442683874	-228.417900834922	67450.2917213049	2.17189482147402	118.350403699084
0.140296979794486	-97250.5485842707	-232.173250518603	54609.3057444549	0.784369268669771	-15027.9948379167	-276.306179096254	37164.7556490959	3.5336048484259	-135546.512338173	-313.741121392721	81380.7882534088	4.27968406954158	118.848071467141
0.150250942985429	-88475.8517400862	-220.879359542056	52119.3514617202	1.20846159787753	-25671.1041463368	-297.830771166091	107895.927448887	2.29903490978123	-81521.6526598905	-273.991517663268	49939.2453989658	2.4224433289313	121.485544189112
0.149852678943633	-87064.2896840831	-217.303700747736	52565.1017899705	0.789869996696883	-50410.76870182	-292.90140831723	112465.912697026	0.268245306989948	-45232.1580397275	-219.589005014327	28340.9262598848	0.31208453782713	119.669368920212
0.138646332664749	-96086.4409706726	-225.746558487456	54629.225756651	1.01887723972864	-79501.1201482613	-313.837536169471	27337.144607616	1.63518187796144	-37956.4290811795	-260.28085305031	40632.5602324841	1.09370681350958	115.816664178088
0.141431479262305	-92280.9462009629	-226.229003207765	55106.5881404782	1.39213151768762	-55384.2064146163	-309.347738154383	44616.2901424945	1.53141349895998	-51687.4485461895	-213.85317645777	90499.5544078523	3.12075966112764	120.368331756053
0.141701454359175	-93814.5939905852	-223.608102624002	51522.4023818432	1.39405366596052	-89908.9127166458	-315.263381219148	81074.9186995835	2.92212178589561	-34358.8624424837	-225.043916425895	85639.5818710884	2.77728010970441	119.036158209394
0.144689094350869	-87280.7935396162	-218.679548909192	56270.505085813	1.17576173446776	-75037.6744637398	-227.858328906547	40373.1309467771	1.42349842543905	-49794.9653012138	-305.936254561904	41662.4133541302	3.08233579124327	119.152368543782
0.142709341434802	-98841.2213143811	-250.207205901747	51869.2278046906	1.41138096938707	-71447.071810021	-266.628720340832	56159.3044718346	1.49621725140996	-68219.1527662716	-294.540995663256	80707.8045441636	0.0931729498174674	119.811825066706
0.146890582667564	-93157.2294747256	-228.278240907372	51563.945129731	0.869178552188664	-42343.9617267099	-313.057270425792	37463.960803163	2.59887092370697	-44381.4025260049	-250.854626392495	95169.9770021702	2.2504515341575	118.732581103659
0.15352646840604	-90787.0249880647	-225.157917685722	55469.8838192815	1.15637164892954	-96640.3592230795	-291.839541006518	30310.096993323	2.16440824516047	-65115.1928044369	-267.85348931776	80866.2486510416	3.07141274828047	118.514637683747
0.142796337118224	-92951.8935417195	-222.244016805792	55681.7319381625	2.1022051089303	-76722.3356263152	-293.596135586636	107745.008523907	2.698677172338	-32173.135479647	-255.347703227962	103506.023909966	3.68032481999585	119.044065663662
0.159299699308808	-88844.0928654371	-236.545613826554	51291.7085527835	1.34032253649777	-87245.1509783077	-256.812225379723	61814.8740211606	1.48646975388151	-92980.2104495764	-304.960557207057	102881.527099365	3.9127584665473	116.671954226637
0.159885871300629	-94136.4665148175	-247.935805737802	42211.4225846919	0.547371999143314	-70920.3332063933	-199.482943282952	40256.0170166919	1.1680353535246	-107374.559002198	-215.195896496771	27559.3903251915	1.53673749355491	121.286387678228
0.131782494079138	-92509.6760670417	-221.596421566673	57025.3974998882	1.33686253706967	-67299.7755306469	-296.186379941514	91997.1272976237	0.254407149995413	-38777.5924425893	-199.77398728563	111300.056889703	1.4040199628898	119.585179908519
0.138689212330606	-89779.1524135545	-218.494850379633	52286.0808657872	1.92059718788662	-95840.2510063091	-307.188056948117	11863.0909642981	0.974923289392432	-77158.4610812774	-260.633342905967	61135.8747122771	1.97960494872379	117.680705441726
0.135755951685005	-95341.0033364382	-231.655509751594	55307.8404970213	1.87387981103967	-84580.2918151395	-300.621610615433	88460.8621981875	1.8622361821042	-118643.577945859	-269.530826032689	80848.871874135	4.19852927070605	118.927832190892
0.153070938601281	-100988.769090102	-258.287286755793	53351.3327193918	1.32356862750226	-59360.3056522848	-273.251284268825	25473.0185238265	2.04368858117968	-146920.950211205	-292.803449995005	29984.119153503	2.85800395186237	116.126423760105
0.143816925822698	-93454.98348925	-227.485615952277	54421.3405922304	1.1834769567607	-87706.8655345091	-264.803089635592	117965.983760991	1.31301754907654	-52645.7113955395	-277.885599832024	88707.1549094366	3.03087729317631	122.346521182842
0.155436642270099	-101770.103996734	-247.197158372555	52975.5346984162	0.688197071908389	-35343.2850949699	-294.663128598314	59776.1527569412	3.63253365133889	-69215.8563249681	-243.141390179674	72548.0365866239	0.524776777528077	120.833106772448
0.160975848497062	-95625.8216681635	-248.000825261787	53084.0776375755	1.34845508087302	-69555.6640039602	-230.718944162873	110865.426466052	2.96672964357237	-83664.0433681921	-227.685882694503	101091.875771934	0.872916031429362	118.063366872161
0.163661944402682	-90579.2264351304	-232.900225113746	44483.4848898419	0.544591557542121	-11825.9558100849	-253.742718538446	118242.256410871	3.75231583139566	-45010.9252199174	-291.907568664268	72608.3862489886	2.44467981297827	116.031234308458
0.146306320131957	-88965.9494298438	-221.355562840742	55994.2691307249	1.70907923933647	-67870.6719236878	-303.651033552765	45598.4081962243	0.0697805262257981	-59351.7034459745	-234.371322125363	58939.3346687336	2.61201255702589	113.492725985916
0.14480482325436	-94550.0560758078	-226.380511340843	55059.3509887724	1.58116231099159	-99357.9960227973	-206.712575253349	83157.0007173913	0.797844695766192	-60116.0525097366	-286.673488458512	98857.191492358	1.5747783904652	118.943469723049
0.146775931412658	-87250.3731337564	-220.602452748792	55186.5737058594	1.94995371506172	-37900.3137967254	-236.59370393172	72918.4625450778	0.0511320518716806	-42307.3437532034	-245.053693366005	73290.2241798999	1.79823025411738	115.485062668499
0.152978169416424	-88466.2462717435	-214.282643522342	54452.4039374598	0.853410988046063	-71323.8876526419	-310.29868972868	87503.8481467974	0.300838827200851	-31660.1421854385	-312.441412257026	26189.0246513987	3.68820557250161	118.306624532864
0.142335567680359	-90156.4762283132	-222.267330126124	55744.3535756939	1.27372938288104	-79646.6922465514	-229.700791287346	118294.970201413	0.715682853737616	-46269.7656041267	-294.285371431951	30762.9963986872	0.77075415969072	119.74983952971
0.16378030566507	-104213.865042214	-272.188344628869	54717.7161630506	1.30438320071762	-84602.2393368022	-269.382992190033	112754.523865392	0.00639658974152132	-125320.072831197	-310.995838582412	65751.9456051945	1.41222919792404	116.277368583707
0.139721538418077	-91715.1124748839	-226.532124098386	57457.4531733471	2.03983480394706	-88205.9683272849	-230.071878265289	78159.3316977384	0.315000040324726	-116568.717016055	-318.718966641829	80398.1260845718	2.87662777290272	116.238824283478
0.146207062179984	-94033.3303348952	-225.644398585232	55522.0760734589	1.53313970310715	-80545.6700557886	-256.19274771328	39694.9230146271	1.24066540930993	-83123.9658493982	-227.095186861556	27154.4099686287	2.1973665736144	114.483321071383
0.152505466683979	-88320.1469640332	-224.066360744897	54644.3939387469	0.495788269146332	-73536.7943170441	-249.929534257657	37545.4293241301	0.297204464278347	-101683.806439028	-234.786017700813	30325.2638811189	1.53649301173473	120.017391934765
0.15924077544804	-95992.3483176635	-241.390028820046	55594.2431960208	1.3341218747795	-92543.7226515256	-302.605274843527	99827.4537508975	3.69765019488573	-79472.4157892106	-280.060419622782	40335.1333938244	2.58044121196536	118.744511072499
0.1589060333475	-88495.8454003742	-230.228191669086	45772.8369917831	0.567525225179513	-15961.4461470988	-239.580397589674	92119.8855132454	3.98493349778521	-95180.8793335518	-276.545664289444	36573.5661590161	2.14342831721902	119.930651588211
0.142399989978614	-91442.1445860579	-218.752064092612	55268.9591219038	1.37713274595107	-27834.1078573158	-278.45611942361	107116.167955343	2.02257077815315	-36161.1038384586	-273.122055993494	102318.268446936	3.79416483550689	118.717604462783
0.160972540336611	-96149.1218296643	-252.192339989209	54060.9990710361	1.36252017794635	-26734.0419156516	-253.422137824187	112937.724098472	2.0872485472303	-87409.8786218325	-312.503239331676	102749.109835095	3.51894465718852	120.284519720963
0.145193863242391	-93775.3328325431	-224.441118990759	55359.2477800151	1.11794943874755	-44329.6292828377	-303.104516442926	109553.183676788	1.88018873792498	-76076.9701246958	-261.02369712992	91754.2982456196	2.81788051334846	120.026519689399
0.159209142477239	-98607.8722517167	-254.262596803772	55655.5674875426	1.70208996746126	-75995.6813044106	-242.065051194546	118255.178285353	2.02343707217236	-95795.1055315673	-282.347222896464	75262.2367383738	3.12066565736415	117.179308249368
0.146768396976323	-87104.7322016949	-218.138650876921	55570.4055377897	1.73311731837607	-45154.264041588	-236.122364045673	43284.2421452728	1.40233784269631	-37202.061227914	-239.634448659566	40666.8020835797	0.608126755309099	120.984215071924
0.147513234998244	-89544.6019864429	-217.322597348424	57747.2507407182	2.07451157252581	-72372.3295645068	-302.388892023268	31812.2812089605	3.87484129570735	-44111.1841926326	-319.532776822131	54630.2718079362	1.31796434597486	119.677215709083
0.149243885468169	-88746.461036168	-222.33176017462	56330.5979575905	2.07682584249201	-67390.0367143176	-266.10477699769	30434.207305108	2.08049562466945	-52069.7150893179	-307.925404310702	36711.7277926746	0.624943060663794	120.773227849309
0.145218710180832	-89880.400119757	-220.067157027196	53854.2290518479	0.978528237133658	-63425.0995328052	-301.857394004409	83338.189631685	0.523030105649992	-42729.3145558015	-210.824241870896	74661.4419236589	3.16832459439307	119.26477450619
0.134550485067114	-96233.7776606147	-225.341462717109	57990.5924756461	1.60650514697005	-80348.5089019746	-281.798243739953	101678.472537777	0.928444692970945	-62205.3794021196	-242.665160545653	60914.2205841255	1.77686466760471	114.102285985971
0.163124936834588	-91323.7967652032	-237.038479821725	45239.6019536125	0.362024113738542	-55042.6494648631	-228.935990203755	98932.5057992421	3.34719884533607	-74952.93949866	-307.483758824498	30323.8205271512	3.177051536366	123.010298341738
0.152159346628321	-80009.6790962288	-201.250881900954	45760.5228205842	0.283482289107675	-80601.5327642356	-307.128939201178	31143.6403147267	0.834986348685147	-32693.7773230612	-305.232698304069	65086.4482131766	3.81360070461626	113.708888434844
0.147778277381829	-87227.5482462289	-212.294097923386	54884.4931145759	1.26340084309993	-67044.2375860901	-301.655034696274	96850.080775421	0.914619009117409	-46423.8406416813	-244.36661859527	65389.3095135427	1.79851512850155	117.498993824759
0.144205123751404	-93567.069056261	-220.870166742351	57051.8038434951	1.59740750920781	-99702.0523001587	-312.843657588788	60920.0300629964	0.4081777590038	-52375.7258387994	-233.024121481404	96154.9451181057	0.430173407781814	113.830006628853
0.138302486483083	-95435.8333310377	-225.258586034532	54915.7648114523	1.21745717818057	-99918.079409137	-276.156696329609	37988.3106878521	1.85895029185536	-53321.0230957786	-222.528470781647	36176.4877452009	3.75557453093548	121.102201080237
0.152088659078501	-93346.437586737	-220.687653136567	51197.1655116279	1.15435086549141	-83218.2673430897	-247.921711393137	110026.110060113	2.4881729573804	-35748.0026459949	-211.442771553338	80382.8805225254	3.32860633881026	117.001643050495
0.131475487387932	-94343.600346656	-231.448530776006	54077.5941237184	1.83759041573186	-86208.4405824457	-306.200704862549	23884.1704595294	1.45362389920901	-94724.9579345201	-205.49516865205	101215.313263847	1.036837229189	119.038796154995
0.164921628003681	-95470.5125264027	-251.502908707211	53423.9374358143	1.42855508604876	-12567.1217928737	-260.063118735352	18028.2770872749	1.3196829323127	-69194.4903802424	-245.827539095191	34238.0377495707	2.15991377405842	121.278972558457
0.143146718298844	-91667.3007521692	-220.73924884077	54875.4746370975	1.05238760298781	-57939.000571957	-258.050894986457	100128.747570509	1.75911977755484	-40043.7543949531	-222.358791703339	40712.0028082897	2.36619608044426	119.127097799278
0.141628447425266	-87961.9756864337	-219.278491823578	54492.3506696886	0.90997129501565	-93546.6746639196	-301.407543334822	116704.020210313	2.20771619433731	-63124.2615583576	-274.434362332841	99794.7374676903	2.95901373216914	114.902389588261
0.135370196869918	-91253.5852918191	-219.99854795882	55149.1889143646	1.20649741142987	-94408.4398895187	-316.267985970063	71945.8762785241	1.73222058357061	-79569.9053500498	-291.847085843421	42488.5644490206	3.0892676846856	120.329149115167
0.151052913772721	-95555.0465590352	-232.963579092335	55556.2662686769	1.18613498295372	-31332.6505481778	-277.829996609669	22430.6631457529	1.02316555567044	-42961.4519825187	-314.580228065608	45657.4484849326	1.62324991444928	121.070764732044
0.140604931530787	-91288.1991507719	-220.537038802776	53072.6786640753	0.934218386850599	-68585.0307655197	-316.164040895779	108226.17815394	1.58848493523638	-57134.1779176542	-278.816097999803	102229.841129215	1.81966658508465	119.961594458213
0.143395288781658	-90336.0559946703	-220.408467264774	55020.1643250321	1.04452930058182	-82847.4221004978	-216.669687179242	68321.7367358094	1.32546954852433	-57240.956899589	-304.583400202228	111267.768842591	1.00536876238289	118.86789402585
0.145964394389794	-95512.4518410354	-226.365621112605	53812.9464121421	1.47076714094762	-80795.5136565356	-296.745995520836	66313.9697686806	1.87943052895016	-30256.6790910025	-278.321491280973	113681.223288439	2.8132179679726	118.876097527935
0.163741122274388	-92440.8962951667	-246.423576224521	42816.8961106161	0.353504030904578	-22590.7593696678	-305.734177354283	71894.518243073	3.44541368136973	-109256.976158278	-297.332833303533	69189.5379716397	2.64207032148817	120.228464071379
0.146296596460339	-96733.732921615	-225.68232602924	54203.4213084875	1.21002000198636	-24828.5363143218	-291.750734604065	92316.0896753597	1.63841754515403	-31762.1023597379	-241.772542238052	116246.307575861	1.5018132076293	114.77551867592
0.140681873988416	-98398.3635247985	-230.995083212801	54716.5846328538	1.72848748183099	-84019.6686056062	-317.541146017372	88691.3255970594	0.239813372058008	-41030.7538214094	-212.110570454342	26220.1268033516	1.24967971738799	113.90128344128
0.16418955004055	-90141.0460648256	-235.960383293474	44540.1988018273	0.558993165842436	-21091.4631629619	-301.76537851126	97844.8513792582	2.45540674630374	-78116.3596768089	-215.673794019225	25566.8774952187	2.46714539501387	116.879692591719
0.135163574684204	-87678.0735286133	-218.099525557363	41205.113319497	0.23414491686947	-53356.057707113	-308.139928922755	76792.3654258167	1.57266036859816	-127090.309459842	-262.760232055374	76851.6126981174	0.663563069360478	118.618923317673
0.161234738996614	-98497.9855919779	-249.957558764955	44163.525630159	0.77194564141727	-53201.0105582917	-247.697102995435	112592.639797293	3.53055294192736	-51149.5471574236	-314.170788221982	109246.525424857	0.990878541128667	120.500828867714
0.145587991780116	-92361.8754318544	-226.822839278427	49594.34875244	0.852742550410397	-58809.7764157215	-300.454109446627	37619.2722316288	0.293893238586677	-41043.5890632623	-207.60606156152	93887.8077942166	2.90086872825265	116.841643866429
0.147345455938986	-88340.3851816083	-215.241769845794	54907.2292874029	0.937723355433964	-39701.5610110409	-309.699768690549	24271.0819036778	3.45707935023323	-51650.0575327537	-317.443283927681	108028.21496966	0.723609386460246	111.037121593632
0.151385809055843	-88209.9474254258	-226.064993578203	56665.2326090787	1.33252606858216	-98998.8252039201	-264.016590459079	26408.644929091	1.18466878819034	-79942.8287155102	-282.369431794726	50039.6939317768	0.328895095336472	119.425914985008
0.140979171897785	-87712.5799003768	-220.731416591317	55347.3039685627	1.21967583142567	-91178.0770573542	-294.81090799987	45735.9103591657	0.800816117770399	-39225.3325228029	-289.232144463906	101149.555243294	1.95182920675229	121.091252220789
0.141296404500267	-94508.8179359133	-236.894483811514	52791.8541211269	0.290183238922884	-12971.5335814777	-284.594491945908	45624.6782877703	0.109165199546266	-100413.42461973	-282.077600478535	96770.7683426531	0.541161964446227	117.499430440717
0.138128842981232	-94858.6927380504	-225.263291682129	51333.2687215874	1.09091835908494	-61054.0370190752	-234.990252485629	107231.615360202	3.17815111868256	-129567.647148543	-300.381712891404	36888.3990389488	1.11782458819429	118.661074701952
0.157597440686334	-90682.64730435	-236.680471843987	45400.6569865886	0.550769968789593	-96849.531547819	-211.077326362055	107126.485909983	3.2768066917974	-84808.6180170264	-280.293424734205	61791.0350421197	3.95741881404903	117.619900404336
0.1376735260179	-87664.9553085743	-213.737112123279	58306.0270722368	1.50622430270983	-76292.2390379775	-315.955546212143	94769.6958657652	2.1092048034245	-121272.667106841	-215.948531713477	44224.9629430651	0.131604866065696	114.285995922373
0.13841632786934	-94120.6602023378	-222.232072916832	54417.614205254	1.59457414349585	-76254.2408866025	-300.197752821553	14693.1687284593	3.15466346769462	-52250.6421021338	-302.748720106084	53693.8252076429	3.46494894688302	120.327598150401
0.148201810686448	-89674.6952061497	-217.076709420568	55833.1985159637	0.699019096553521	-72951.0560498906	-213.17150322965	93199.5609820651	3.15449992484348	-105548.698593914	-241.118586227794	26664.5681251954	0.989798022364301	119.925264052233
0.138523437277639	-91631.1041386891	-220.519531650986	55238.7657388288	1.69462757383322	-65011.2469751447	-239.356069873785	16327.9025190025	1.93145097322316	-49126.550192794	-206.362976340176	46386.4310677213	0.740610345911563	114.60941703893
0.135945793772308	-93073.1557120401	-226.902963315484	53683.655398593	1.11435709099395	-79575.6791398382	-206.64098794213	47957.2450384738	0.84265556811573	-63185.6418592076	-248.743397845541	101446.404657692	1.3099418578402	117.114187409883
0.145871942098286	-91982.8890357684	-222.547285829188	55520.0923152107	0.636174403502545	-75094.0933204765	-310.429532016507	117641.476380549	0.620471060447869	-50041.0054536727	-251.977539191744	99495.7326614963	2.88693079093907	116.61201358317
0.163725672807798	-98603.8885610692	-256.012199528631	46818.3655551942	0.902291776647188	-71212.0481116107	-276.84611358066	118339.198706481	2.45336461166671	-131735.876924133	-200.095471053192	118582.496837323	3.92092980888538	116.834559078491
0.145127506271201	-91664.8525332766	-224.081914491239	51599.7269181994	0.433503083964692	-93491.8635936549	-226.907730386498	104252.552705151	1.25497131494359	-72639.7192932726	-308.99419343105	83853.9510588728	4.02374373946234	119.091325307546
0.146657441171337	-87287.3612308072	-218.789274146855	55218.3960429841	1.02897141943234	-50792.9971885026	-312.137407774897	103828.989696096	0.26138953322937	-72154.3468193228	-226.688125633623	60334.4386467449	0.596785254177476	120.543146773201
0.143029206936839	-91317.1742439451	-222.257723897436	55365.924317844	2.18427298300929	-36827.2688977784	-283.398751653559	25025.7753950047	2.6343997978796	-136777.892232609	-303.941849053699	84246.9940505958	1.2799732421153	119.980173054261
0.145440117435949	-87624.3005463127	-217.521556453347	54288.0125322014	1.37707434187123	-78317.2517864866	-309.47581005877	43563.8454663711	0.0808180666822444	-39278.6281491627	-311.813861763184	90452.1207433718	3.67330110258176	118.446764103793
0.168148377586378	-95210.3151204951	-254.251663644693	41446.4959213613	0.382359887876888	-96968.0876301689	-238.75604507096	108871.310726793	2.50834804797447	-133303.560603485	-262.529731835382	79603.7893655586	1.57169087400542	120.948081870752
0.144247225948734	-91471.6068412569	-222.663277337772	53575.9677346665	1.58086731786542	-80527.8513461615	-284.04505402976	88777.8747002531	0.246350373379782	-30905.461891337	-289.080961046327	86150.3472425859	2.14288054932782	120.771083885934
0.137022949553516	-94272.7400062621	-229.361367164283	56003.2216584426	1.42908238967511	-92613.7671287765	-266.242075105866	59893.2650138097	0.776799981741381	-82164.4539098312	-270.59635362613	97466.4909009879	2.15420244890171	115.439022972267
0.136116439887519	-90292.1990413834	-221.32914469612	55534.899791966	1.27770301339741	-17560.0475239994	-316.405126712184	22022.211479005	0.535105429577805	-141305.686693312	-276.075815417254	88655.7659137545	1.40668344131878	122.531303044344
0.159264568978428	-92308.8650452238	-228.780623060647	53563.011007001	0.948379404725798	-62800.7968949195	-265.236504199657	72628.8785258369	0.11069372646618	-31967.1621595477	-208.15376617083	82974.6585276509	3.56651410399819	119.054697035762
0.141484352600968	-94907.4453111981	-230.117357233245	57224.9784012676	1.5018065490902	-57972.7389650566	-299.169489163639	47755.3953751099	0.701753910648041	-84247.6155471581	-275.687541286306	110658.479929576	2.51442836669632	120.02779187402
0.144001342180822	-88996.8685188511	-223.18307912665	56697.3898273448	1.99232142310362	-65670.5000744282	-275.703069720701	98723.5291422526	3.82070526065216	-30657.5376044321	-306.391612916044	30622.7289195114	3.18686597158098	112.267375832002
0.139232493337585	-92573.9878206451	-229.657544138853	55947.5125128884	1.47163765190504	-44800.8070398294	-206.197998394896	10090.1844614914	0.684739482332168	-69697.6676744387	-276.336196074743	62138.5970677846	3.70785262506957	119.228877540672
0.136502557924094	-92819.9184645329	-221.714357678145	56437.6744815174	1.85283979846533	-54304.2662947522	-308.011556162433	29338.6437956357	1.72336404225196	-106609.236307641	-200.442593123635	27817.7432354751	1.73998590515737	118.789458101479
0.138351048232382	-86825.4639825341	-221.956492707143	54187.9149062166	0.670368416587222	-89213.4762344003	-254.960195450299	61197.8126812794	2.18995520832938	-93223.8877972534	-259.817662195833	77157.725970574	3.55528258420012	119.819325241037
0.158968312365291	-94292.3994086857	-231.764176372243	44160.8868769907	1.84664655758686	-57195.4536538477	-314.680929759557	65452.2782991143	2.6675178797998	-117530.004945279	-204.263477722553	110197.042271995	2.24008925247368	120.966208862146
0.142304225719577	-87063.4114637794	-220.338794509952	56842.9011666257	1.69890107252131	-25754.4690704468	-287.043477056884	39005.4147269768	0.500435584920999	-136936.395795632	-249.119001361978	96929.4556421171	1.18433446206357	119.365882543245
0.146974995044351	-91527.7497258228	-226.14747564488	56137.3291824386	0.698024451745283	-81660.7926480682	-254.707046648253	14215.9113393208	3.03481992682351	-144667.089190153	-219.610498284966	75019.8604220377	2.64969453326453	122.300550091754
0.155078928429356	-87815.649034709	-220.540253557234	51117.7395621071	0.759835750230362	-11558.8990018798	-239.800455750129	27140.6654024426	2.73318334552145	-95478.2082172359	-242.377915002321	79849.8715834152	3.47586077703591	117.83900347503
0.156376540968038	-86753.9458709001	-222.948406618461	59130.9918827562	1.60818328164373	-46075.0124804023	-237.331672941691	118134.247738145	2.67780086376623	-93764.3884741645	-250.003580652679	27963.3411787467	3.10612767223724	118.229959974383
0.139330042739304	-93732.5126256254	-225.349204701956	57028.0057409724	1.88367091347286	-95885.7565961904	-313.505710175767	41566.8428076447	1.99994617220766	-137964.639181321	-205.764911401537	25896.2410300307	3.49000101325293	121.687726516527
0.14559633850955	-89164.3431655704	-221.819914665687	53511.5993296781	0.409699345821491	-56170.1971832645	-309.42909644222	13809.1226477329	0.911346217801554	-53665.5784352104	-255.671498153962	85501.7201905824	1.68201301279771	117.906479708282
0.153851718000125	-91451.1573495046	-223.584370336055	53553.1828331336	1.64239689171658	-14290.0610668	-260.854236064685	37394.7646700365	0.593442908741885	-68114.0288409106	-200.405968824969	92396.5388577552	3.31840496221779	119.678434530052
0.147483834546887	-88541.667771434	-215.392992976358	57090.6108303647	1.62693349411257	-87014.5648782975	-289.121218743149	99193.320538942	1.05663227259442	-80872.2131558834	-288.693608178068	45624.1998441984	3.41132655680543	118.008270912552
0.143130086523224	-93490.7636523008	-222.15543067194	55630.3288792436	1.01838967019075	-20472.672083262	-278.814955572168	38719.974921867	3.22473355518374	-103327.817734377	-204.424849860783	72632.0192595917	3.62919197034665	119.443969947793
0.153360668620935	-92281.0048017692	-229.596658294495	58288.8384810082	1.51585959156746	-22511.5005181188	-317.887435573381	88679.7602220226	2.17564647972861	-104144.031332009	-300.526898127596	25571.7799057575	3.79266602267211	115.709039379848
0.165443357979339	-85213.3251189999	-214.057823536427	46836.1472444291	0.366386621085414	-52720.9806537461	-298.671612082978	104310.111665712	1.79242720321299	-115850.124522126	-272.283799359198	27646.0818109259	3.79359516538452	121.143381914996
0.164069888537074	-94801.1262163569	-254.995411752925	48753.5932950747	2.84059977411966	-85391.2036215212	-252.885312335866	12079.6116168934	0.447162134018798	-60294.9033794829	-220.07719633584	88886.255043264	0.0487624783644612	115.84275046717
0.136100942761736	-89923.2310436763	-216.943690739158	54495.1618748421	1.29026979954306	-72793.8158342217	-256.688704819158	69440.2993478761	2.36529647684082	-65755.8134862207	-201.292314221525	89335.4748345801	2.66722031725227	117.546901520931
0.140176715381278	-96816.0997921347	-229.529586609781	54668.1423602069	1.57698159834499	-97232.6207313391	-280.779807018399	43763.4162256058	0.315163859187123	-69592.2548527828	-217.431448195084	72055.2934874936	0.346168943251965	119.674478115626
0.135738387801624	-91643.9418304507	-222.840472470417	53625.2833310868	1.37475537392188	-48097.0759342834	-315.1361925305	49635.1171950035	0.526107121879967	-30101.6129262004	-209.728446370153	77425.9750810556	2.83517212858244	116.26450513673
0.162101076636793	-86436.8350771282	-226.307194586816	57240.8090542442	1.90655287167748	-40425.1588367725	-209.321959503669	77118.2611139073	3.68060332984509	-108351.243831134	-278.667100283504	101462.065783404	2.29763400334583	113.253387259719
0.140635744554224	-92645.9810363647	-224.559688190991	57961.5261940625	1.67431107249789	-60023.591768744	-315.874169887393	35634.1224411367	0.518201619136584	-61365.4003932957	-224.692956090853	42162.7596834184	2.89344550643326	121.598550227883
0.147039464614817	-86513.8743112553	-214.314293248138	57215.3058426622	1.60450138191042	-70844.6601064016	-214.866804506634	31777.3052063754	1.27723758196134	-51020.407033728	-298.726865797761	36228.9136811647	2.3978347225591	112.539972836373
0.149424728132402	-97156.3083401526	-243.743241509088	55190.3756233981	0.82492250780321	-71147.8377507872	-268.739810673264	95348.5660323146	3.14447909048314	-103521.157556315	-319.462069973544	118848.949026291	4.07792968533036	119.506050288073
0.13772900648269	-94913.2546598893	-229.473531826724	52963.6462448765	1.51176607964647	-41117.4791337053	-265.528881799483	44513.2265428275	0.794736986208126	-32352.3689850542	-200.237676718534	25038.9327320933	0.590325433725651	116.020903292712
0.138738212922838	-93584.2895026474	-224.987421182096	56549.6183055383	1.59293930668999	-48209.1196202516	-299.150390342322	57338.6162960863	3.64909209689803	-72522.7774601291	-265.860969526729	100136.626530951	1.25959468035241	116.889103382081
0.165491559065277	-95486.8907824865	-252.210311068689	52592.7006559312	2.10959334028586	-95491.7129514657	-293.693433760396	115169.639041774	1.34188213889803	-87648.560652429	-291.672471153405	26377.4015414921	3.73316814010434	119.540992747479
0.139762599322295	-89501.7196199424	-219.282022672676	54022.5948077709	0.870261041450003	-60928.1753381691	-287.757388626512	89332.7562209437	2.12681295343551	-42123.3922989991	-263.528643446734	61109.1837721181	0.764348926546172	121.55712913383
0.143097836235393	-91974.5334257336	-219.505640604141	56439.6230226686	1.57428881971472	-22418.6459646459	-244.110207876079	68536.1131685828	0.0378366595159666	-30973.9268795955	-241.893988746694	99560.4698416239	3.10736764540502	118.301129600135
0.138731553360914	-91365.8752681086	-223.927311373809	49571.1013892663	1.24522084419938	-70415.4064811761	-305.940680244262	45390.37043317	2.99280993354661	-41097.7910339632	-243.241762784527	47350.3986636692	0.444071772961629	120.743964801599
0.159569770813393	-87183.3319521666	-223.686914888533	50801.3498343797	0.408084781462361	-83252.8669138647	-287.124854500212	90843.2134621223	2.23931214398445	-52484.5059877252	-241.681892787114	93466.3470007243	1.57419244084361	118.854748878161
0.147007395732563	-92594.7183034182	-225.802313154472	53772.4939740494	1.48206148852748	-58144.9667289287	-316.069867656793	21649.4607103657	1.21485307808586	-51080.3473252103	-316.436010081549	34058.1979709165	4.04997781047025	120.55294974301
0.14667529667704	-99225.8714559969	-251.810513834976	55710.5712065432	1.5620742273337	-64049.2328917957	-314.230418423958	30329.4550983594	1.46990276657115	-86120.5877234484	-294.387458779833	45681.6700832449	2.43577866293247	121.743390961604
0.134928777044197	-92931.4561238352	-225.695384357169	54541.4327055491	1.60290875735313	-87583.193120625	-294.509839451058	60956.6950436979	0.498890693431622	-43907.9852877113	-308.276622534476	82125.4297646931	2.96878586782567	117.060184347336
0.138978720520951	-90637.9885087167	-217.668666311228	53794.5674162428	1.01293451547975	-99475.6642568345	-304.861134727072	44840.7093862706	1.78685775542222	-61575.7324271265	-213.58991174267	75241.9068359796	0.748549035752487	121.319695356782
0.160737323195289	-90895.2385116955	-238.456652101009	52940.3162271067	2.15727863673232	-10499.4609369453	-282.476692168391	94762.9064589958	2.22738457308874	-76901.0320536607	-263.180081042317	97193.7650277617	1.51609027819306	120.60606077899
0.134315899757431	-91963.9736119974	-224.036226749137	59214.0141020482	2.05299474174066	-71583.5366434468	-221.424169309368	75837.7266796374	0.344016023820335	-53002.8284491292	-245.879832365395	28350.7001000408	0.840675461930232	118.230338918166
0.136516032583939	-92588.6197874772	-226.98669139647	56171.1101871542	2.1718174891091	-37687.0522610132	-318.068242882382	46314.1322630495	0.692714608040711	-80631.508997909	-263.18616715012	36759.8951577194	2.90296011906256	116.956614921912
0.164053669272861	-96322.4931579896	-246.778843215554	45431.7376056056	0.889751379174224	-75429.7244039561	-231.443433717906	116285.844318975	0.360550912782755	-32957.2768740698	-307.344349492508	77995.2904899029	3.90358231220793	116.177062478335
0.142883186949638	-89600.3974548139	-226.480256353851	53989.910609007	1.64505403054572	-70630.4067495949	-258.171491630763	69328.8554506398	2.6961572950594	-84468.952006632	-239.562477779925	90947.1863694476	3.28490952169046	118.929747577682
0.149609861954977	-95581.8580921698	-234.671907768824	52859.5009784084	0.500718688467116	-57018.2100540785	-242.534514082534	107074.388435034	3.81372104660251	-106554.360808632	-275.83283674845	99268.8659586683	1.13122177575221	120.348923201881
0.155387104352086	-97522.9524278387	-248.170996446697	56017.5647403786	1.38719053942378	-11141.295681669	-299.834524822761	67067.9403899272	1.73430818269759	-122932.650343441	-242.682849285215	26305.5625977979	2.31125471706163	116.609685818473
0.150084887816191	-99020.773093043	-252.304461930425	56029.9141223297	1.37163608404731	-62419.1233363234	-227.943773863865	115599.098514	2.30067370969268	-140100.450970461	-267.457063499165	59776.2253693338	3.31634737883607	118.366903950032
0.147122698873513	-89537.7559940507	-216.830479382938	55279.24373456	0.923116006798847	-28613.7069964916	-269.054225020691	77228.9107069132	0.277996056563156	-59520.0488296583	-256.263859168515	103497.785958562	1.67778351817833	118.453875797085
0.147224153116448	-88235.5313559643	-218.880255184643	56600.5955741032	0.956491473412637	-71828.5957946309	-279.365655810908	99227.2442905895	1.01208668932026	-91766.0422691089	-249.423082601753	36258.9024506111	1.81813647113697	120.636316250673
0.156260192633165	-85944.9157841899	-222.294527085717	47055.2975019056	0.695200955061515	-91160.6530300953	-308.548231025464	87498.3717514653	0.60215231584194	-88941.1235655639	-315.25960215654	99956.1074996449	2.20751955737311	118.691135410002
0.149412883488514	-89293.5513862466	-220.111542802742	55208.3332176698	0.968715211652222	-29241.8074116541	-284.914235985169	94831.0933997247	2.3585955505565	-53997.7040892519	-262.554340476253	113240.519691832	1.12118328875008	117.472119557727
0.134931212521571	-94939.8429669177	-222.655214402845	57669.8537433994	1.28313133732126	-69591.0174025152	-317.848067767254	58462.9818633454	3.94127881888913	-40821.8745724551	-278.805820859276	36373.0024681264	1.54308600397998	117.844562499852
0.164489297007723	-94991.7098247592	-255.452869853736	48713.4978777879	2.61683774532384	-94725.593755296	-229.163359938575	25515.4684373311	0.58510421470196	-51426.631414231	-233.659777917692	113291.008648037	3.00134801059006	119.793894196279
0.162374659264974	-97362.0935591589	-251.176327248288	49117.6688258679	2.28363554064881	-15441.8476751916	-266.369516948989	12417.1992323131	3.3179853050511	-147979.29569589	-262.757202113934	97733.3653777625	0.324734339000812	113.988879826459
0.156422184213395	-101446.004592238	-269.55707189503	54464.8590256842	1.07220235085509	-97135.8283245804	-222.20516397232	116561.585563386	0.965211412872133	-127415.347030536	-274.922631931528	117461.937807322	0.169677559580787	117.666399756253
0.141558895414085	-92749.8958504615	-223.88374387196	56595.8284189877	1.10603290777016	-26249.4350211325	-307.597536031476	59007.3118453628	0.827248400869224	-85476.448220012	-318.25422244136	96747.6501642329	3.60652048429697	118.528663193547
0.137646543489701	-93835.2149020238	-226.362855969856	53515.0737019143	0.993120160603485	-57008.8447404787	-303.184179044806	24134.8270099928	3.33667543315703	-128333.606924089	-201.490827918089	53984.4450107989	1.91905349337758	114.386025259894
0.143463392760555	-89184.1321546892	-218.699826568589	58143.1941454556	1.5209862076015	-47560.0537441592	-294.787524994284	23944.3338136184	1.15473787149407	-61973.7454292713	-311.742707095934	52723.5915313662	1.29516258393246	120.205324832067
0.140254904293693	-97514.6243313199	-229.68941117385	54408.4803762448	1.74759745260174	-99639.291962226	-289.584033493275	110021.923138723	3.76585043862831	-36776.843056544	-279.258592204288	62610.4510530222	3.62970327799309	116.606240681706
0.164385987723535	-92776.4899193858	-239.005928652891	43884.1059724643	0.59374752420768	-94654.1050482274	-277.7654713834	72880.5367342926	1.04364701247584	-81390.5713493544	-274.060631460557	68752.0462733686	2.75901442852346	118.914358511675
0.135326853202617	-89329.8302236006	-223.297047889695	55162.3993437219	1.48007375220974	-69638.6203541629	-304.294324178668	16986.6633293948	0.485747914717036	-75543.8188756812	-259.126516704151	69673.7209335874	0.562063488506805	111.019029973266
0.157840679451816	-88138.2254960938	-231.636158609011	51301.7007293551	0.42476688103306	-99227.6834022043	-287.971409298576	85515.6817910822	0.426096634659187	-149975.498338153	-284.910126158016	82951.075901637	4.20300054396483	116.328935512192
0.163046148710926	-103474.500134729	-268.914814455983	55580.9459966736	0.89433130129131	-55940.4130101393	-200.200774408054	107207.329063967	1.36408412047651	-137915.474029732	-219.346464829613	42457.6148256908	1.62612979744684	117.821998199352
0.142836220768158	-93899.3132713891	-241.962984008967	49258.8077763661	0.776070083155537	-25904.833936771	-314.948007513412	84989.5079005786	0.281630949041832	-75966.9402175281	-242.752794147826	102383.286203658	0.732330163268775	113.725359408028
0.137559010271109	-94689.8301495231	-224.840235240692	53884.0932587782	1.28388776221126	-93298.0438311024	-279.531573352382	80764.4478522324	2.30195589973454	-48676.6815593874	-220.909526813753	29349.0001580296	3.21095224278439	114.869795882102
0.16104082136194	-88855.2608631753	-218.069799274961	54378.306779882	1.22077212570269	-38507.6944704971	-315.580779337404	109044.444206146	2.83855755755562	-38362.2016720761	-223.775505058606	27658.6476479442	3.40832287927698	116.256714564668
0.148910011931348	-88350.0710416278	-222.368810882033	53487.1036101302	0.328047469322105	-99963.4941687104	-282.463990065102	86430.5009812392	2.40860049742346	-47593.1611188026	-310.830164599934	99646.4575854786	0.35195535145955	112.233061319557
0.135454898935389	-92083.5687954146	-224.201704973088	53500.5869363312	1.04371736706376	-50252.110339133	-310.699732781375	47025.608735085	2.33970863240079	-56492.9091453381	-222.919710805738	106218.084605507	4.17316092564397	113.140164196684
0.163936481931531	-99573.913731756	-260.490188429484	55208.0759380935	1.12538299898714	-42106.3080161355	-310.194589668849	19568.4742235645	1.4020953588225	-95973.4838904925	-280.52289207463	30570.251037479	1.20651251723694	115.168429723864
0.160592967283216	-89107.7997499809	-233.511668644291	40549.8104691036	0.420186928293933	-33981.3002221196	-302.646335562796	93905.3085592905	0.103171981894645	-115333.917320104	-236.682769944929	97773.4719508591	0.919851922984746	119.626443161224
0.161369290221966	-93409.390963329	-241.860529609709	41640.4368679087	0.86168210395625	-27375.9780718779	-205.479980236963	84232.2526216641	1.71243095615632	-57225.4169044362	-233.395327670918	50967.4163461965	2.61173874571879	118.333950295858
0.159063557236627	-83879.5685398517	-216.343289197842	49342.5699385838	0.605010867797977	-78904.9441243064	-304.290533250416	78209.8825137253	2.00831851950348	-147592.990201722	-278.455522264188	62434.1700900803	4.27205337089768	119.124045748512
0.152286932609988	-89514.6034799181	-218.297180481066	46135.488062155	0.734304980240501	-72730.6980461717	-299.087197221148	14087.301634639	1.14632919693733	-35757.9266552355	-276.948856079001	71888.6926803882	0.417812790825348	119.370155188005
0.160857392416077	-93621.2133893336	-241.776221113738	42985.419675875	0.337110075342684	-89392.2955911068	-250.96708428785	87326.8381422145	2.29481999552255	-36613.4730633001	-264.615803239926	80092.6588163977	2.20870012665757	117.370848289239
0.15172661645432	-91851.5270140054	-225.664313654038	54482.5739944081	0.980304090752225	-80975.9520786684	-241.385429296367	119785.566929044	0.0894375405701329	-98503.1188719312	-240.897868743218	106504.704630106	3.30652969355751	119.090341800102
0.15069223551255	-86323.1154328932	-220.658511187328	55800.161374764	1.75113450137951	-32108.8734967709	-249.151178084478	11396.0860669845	0.259811206148115	-70588.1741733623	-287.188321416636	116217.984558651	2.67797691446692	120.902924451947
0.146459127250761	-94177.2315838873	-233.388940586567	51372.1393129916	0.863090385626669	-63623.6583483026	-308.296637288311	85521.2903299139	1.34716118934295	-45493.8331283174	-212.592569118986	86565.3639635561	3.24439189178978	118.40323052344
0.138202531523356	-87335.5087326661	-220.44327387669	56157.1782489455	1.84190060361341	-19367.647639514	-207.654255286532	59526.9396745495	2.77230577827864	-37897.8905907611	-200.114233114562	92117.6102642144	3.51206996491061	116.233071174628
0.154754252337973	-93070.6406341107	-224.866053582449	53696.4106907267	1.04986896860067	-32785.5913494616	-306.708335726489	48160.1796582936	0.787941654701822	-37174.1731576701	-292.640824789888	27239.7815260762	3.46576907171843	119.073157819647
0.139607570062427	-92909.2572500993	-222.549413469731	56687.9705673232	0.775614792897251	-80334.895202612	-308.151600956313	19599.2757262882	2.02038779375869	-52081.5356996374	-209.148441732398	103321.990722032	1.66045575481437	113.182682033462
0.149914567110555	-84156.2745166649	-211.795315029314	46248.9969718689	0.234284157104511	-30405.8065086868	-287.946424760329	28095.0697740813	0.0438919972213694	-34242.6004257662	-318.616757694788	35714.0651393143	2.99519436423109	120.886413354692
0.139869505629984	-93093.6577494877	-226.726428578998	52955.1479716538	1.25235610898329	-64534.9480342025	-238.04651380878	49473.0434204495	1.17833895243266	-31773.0064016566	-272.809568057103	27950.8251870296	0.966028229578292	115.372286914838
0.146294539229862	-88648.9919487783	-225.536780174593	51729.671101724	1.48725574197629	-64053.7260974684	-294.187862897177	105754.017428698	0.206777629873494	-49112.2061234405	-311.085670307462	95237.8552806828	4.03914767908575	114.780675296131
0.142561737204693	-91894.5587965287	-225.057324835347	45573.4229913987	0.884586977591126	-13171.2497705941	-314.881011584253	30958.1395875871	0.520330174493195	-132955.520891378	-256.834799747567	60630.4442365985	0.0842203164265295	116.953284421144
0.141264057834592	-92611.0417956326	-225.883960622847	57558.9008299583	2.11605275446909	-13744.4916077551	-298.432177622742	92259.7537747205	0.19980861766541	-45525.5403361652	-302.013622025133	61248.9867471389	1.8592571545777	121.915028605305
0.139952238939886	-91325.9466959389	-222.27543466688	59845.3282779588	2.27357257518436	-83039.32124708	-311.922701892769	27738.7044266985	1.2514037781454	-102786.114505993	-228.08707005071	57627.1104438731	1.47373926335155	115.671540695588
0.142847597293788	-94394.4020260183	-224.51100921959	55300.2392485431	1.0778825364563	-26781.6697548807	-204.301014671318	13399.7801059224	3.23087856444447	-71608.0561880489	-271.839125820927	78320.9761119969	0.421791167826387	110.906394356068
0.159572200225215	-99467.5600467638	-259.827365826057	52385.0091761163	0.816395610826023	-74502.0142593804	-207.805179633446	112148.887133598	0.910180271610022	-36014.4046854158	-301.098132399909	74930.4489826845	2.0759305405568	118.053445105605
0.137711771510799	-94540.9851802549	-221.714286205834	56643.9098266949	1.34177991054022	-66637.8859980863	-299.589944902989	114326.276687115	0.476108846160226	-35829.48097073	-230.824200469538	71890.7865561184	2.57837537115296	119.587606481469
0.135771987861786	-91071.3367165996	-220.626306407402	45233.3894971305	1.27869579986077	-51946.9424954401	-282.973396877963	113350.627411716	1.82983260741043	-39554.5843532415	-237.230939255217	84520.4260395613	1.36631965981727	115.599431528057
0.137457201665786	-95020.3580141116	-230.357789519761	52606.8998051504	1.43228737422072	-99184.7239285026	-226.364816754089	72888.885774673	0.861811430088617	-90403.5463290642	-211.088937353114	28600.4822403642	2.61649109288992	122.793160392776
0.158170597366194	-86825.0367996198	-229.859034043904	57298.0805288684	2.60341031913515	-57291.4737704426	-208.029991487893	14959.5228467635	1.96473077889963	-76425.9539863811	-294.201118296463	78863.8095586353	4.04937493520233	116.656562711985
0.13919747103036	-90284.5719500725	-217.266215491162	55847.2829630835	1.68644886599385	-48236.4993819046	-296.976980510985	107557.397954557	1.34660229752993	-74447.8027144342	-315.636086075304	70965.0707618454	3.98378003425978	112.165630408768
0.166557977131109	-90673.6872301394	-241.703345276422	44062.144676544	0.923794864683087	-49744.5884229479	-303.470369040949	79967.176548421	3.9138318039016	-66987.206251473	-263.894544579525	80348.0818316881	1.34406526239996	118.312912400617
0.160890869194812	-95352.4807572595	-245.164868196951	50465.5139949951	0.499443443921636	-56221.3412897319	-201.164558505353	78959.3179762503	0.0492343593120349	-93279.4282835242	-296.606808151626	28327.9709342654	1.28710756903144	120.628253115435
0.136912852788619	-91540.489618217	-217.744362247957	57939.1801096377	1.52913852998567	-96876.0079746798	-297.864119821088	51394.452067337	3.68445857167953	-52906.7751073764	-225.826984667753	50803.0509318781	0.0519271676135117	117.640653924087
0.149699557224924	-85856.6578201709	-215.948968353923	52368.7535146642	0.247047116037698	-19145.0745689924	-313.723014908337	36877.8908004244	1.60761529048273	-55358.2342939261	-276.321646031455	111555.718356741	0.386778191123175	119.660879116393
0.143160271794481	-89296.2340599252	-218.312216041019	52339.0603739925	1.32112781825815	-86065.012217469	-315.305715948662	36163.8772505379	0.153860591825693	-33401.8352030657	-213.071812586248	103504.967720489	4.24429002672653	115.833964871215
0.139902682313851	-90714.4197723051	-217.267020169282	54560.2969107128	1.12391721546755	-45184.6386597511	-215.138614921008	56149.8489519855	3.45095499704086	-82561.8134846916	-203.092154033435	88517.7962751602	0.365578914243535	119.196694661266
0.132391108773906	-90774.7375726708	-217.10888856183	56252.4329912295	1.2328614834582	-76486.2277507438	-284.673309811502	64259.8229617387	2.62058394798037	-82821.5378231931	-199.081275037458	29360.0284742635	3.49299181450077	115.478456100351
0.158839164336677	-88638.0169510345	-222.677081783073	55715.6825844872	1.48179338987293	-49288.0095079715	-306.009582347424	19022.2189775399	2.46779859437997	-134131.132996083	-260.975111792281	25901.6985789725	0.649854691928998	119.551774430789
0.15798717213012	-97669.4280256011	-252.514031159209	50080.1846289107	1.21083660290298	-78908.7144673453	-250.998671678729	96847.3945752412	2.47069121312444	-90654.8340928017	-247.294094529702	33313.3323337563	2.39385395715088	115.294981637365
0.148082722535612	-90962.5737313769	-231.039690947281	50741.580102878	0.544875554020614	-20265.6318340031	-204.253778423137	19651.2198965833	0.543889267198848	-102996.852865784	-201.226233847572	111453.826576362	2.54779050642951	117.551786973344
0.165263022716501	-88202.4890943635	-231.138969672135	49048.5868699729	0.831740657637242	-18332.2611213176	-301.622463154745	78287.6375236067	2.2263170714888	-130567.077129791	-249.535617057672	38956.7160643588	0.859618066424651	115.716602986711
0.13892994296924	-92130.6091339267	-226.022942158931	56273.4909613276	1.41426167534159	-69476.8079070798	-306.604033408695	100252.517096945	0.0990541686794187	-112471.344053819	-217.726076086356	61024.4694683033	2.23970219363667	117.786561460608
0.150827695511716	-87357.212295384	-212.853218286767	55777.0682482429	0.895420791206993	-74919.3979679213	-314.979105774241	85515.013678651	0.458656904938671	-91039.1671033412	-237.024831713811	114675.895677844	1.41049453610454	117.170470962067
0.147913817341723	-93210.2786972906	-226.346242768711	54712.9362417532	0.965470489355043	-73287.7888184645	-226.077182373582	117740.155840327	1.03640893778071	-107216.225010868	-238.323474978225	62066.0906812044	2.06663916510598	116.356868348124
0.147563820057337	-90014.1118180478	-221.375877151006	57772.5139495818	1.12831234170082	-71058.7145464912	-223.979769694851	77501.0613946865	0.785846654599871	-56347.5916656888	-251.304412183034	37129.2455398308	2.76500143792703	119.091140761467
0.154466098106655	-86017.4145931275	-221.142428126227	45828.5686672774	0.476228132938422	-91221.6068913978	-223.964418847491	51216.5736841963	2.50209331176648	-83278.3987398467	-282.10626929611	40063.5814419045	3.1730660259837	120.598383836219
0.14347576807105	-89816.6073973621	-217.542291447694	55739.2077244844	1.28281534436652	-11806.0343982167	-307.892094548486	100815.040011107	0.842777035489023	-38610.0695033517	-209.327344019308	101597.614206403	0.734168321797364	114.516606101953
0.134165852086068	-95001.2807094616	-229.163500915027	57318.7147725836	1.62599665823347	-61770.79820112	-231.377489384357	27011.5784970435	3.2203476960736	-44474.4130714461	-278.843705134103	98909.8196295923	0.468038323493828	115.015849425003
0.136628534314137	-88842.3291727145	-216.244775412928	52993.9629343316	1.46598266963009	-88145.1859778572	-218.341868558814	70146.0043445044	0.71425858544208	-57247.3863362379	-209.157479965494	46271.4820522822	0.858335146606034	119.704168679381
0.160208188284126	-95779.1746418473	-252.906916660088	44124.8034445171	0.589667424672171	-76710.0763988618	-308.519765673917	32829.0018629064	1.27965031989898	-46856.6118307406	-302.605290322988	117527.461881447	1.95954290376793	122.509562186262
0.146980059162114	-88076.2125650468	-219.771353962785	58199.1708799081	1.47546666597826	-61584.260901189	-279.632999789017	40551.9733240066	1.05936165429733	-68826.2823442572	-318.710418672582	36197.3340165394	1.17719890012969	118.720162827572
0.159124781361088	-84088.8666019161	-216.733208699706	46359.2497339487	0.583468455654125	-96797.8376571005	-282.519687391533	55943.4978265079	0.707545876952751	-92172.2024228179	-263.332525685711	33514.9411974039	3.221693204708	121.440807141023
0.160879400720271	-98165.3857006913	-251.212524311247	57234.8592411508	1.39936919646146	-63493.5048397335	-298.775459723355	88618.2452353414	0.394777384891071	-48016.8781724071	-256.513295922844	119830.551407949	3.41070268404218	119.219995949622
0.142759940614567	-91421.283212646	-225.438062867908	55144.7364654836	0.943105645565061	-92580.9467574137	-220.329154601354	12691.9751775222	1.62093113555475	-121328.822163232	-248.132418365025	91382.8693255494	1.43090184976593	122.494212582428
0.158380924654435	-90170.021063175	-219.135124820863	53497.4877010828	1.13184940108846	-71398.8999950269	-309.267326337589	15596.6779191567	2.86403031125704	-118733.664234674	-244.229877846141	71446.4194080477	3.62499406813898	119.097181184122
0.150315340262013	-93538.4427613104	-227.492267939416	53943.3662143941	1.62568841791347	-55016.7911138348	-315.34484351022	61631.6536901476	3.55955957537408	-31244.9045708981	-208.242660220326	28260.5228263799	4.00552145957733	118.33240549209
0.151340886168718	-85995.6610738577	-213.003764017714	56186.2458780244	1.04482760623705	-61622.6880951867	-233.474232029853	27103.7503102205	0.0749764350626741	-32694.0978821912	-205.687594515687	87625.9896107671	2.6273422127492	116.37395015703
0.16160856864041	-101185.967742478	-269.198433617443	54059.9439843885	0.982308000800846	-53412.2674206214	-209.266789966238	97002.8628586475	0.942594332742682	-76085.4320158429	-255.699961212333	102286.36633858	2.43393807886625	114.977937162381
0.134719066128866	-93142.4870905045	-224.179705395412	53773.0826249656	1.61288324929389	-94956.9724125228	-226.403542663599	100349.931449617	2.98801804056359	-76779.8047808706	-269.212044785262	30587.6401852208	0.397349817592244	119.153546529622
0.144902191499983	-96453.9804053234	-230.909186196359	53349.6971986779	1.07057477538956	-79644.5836074238	-311.387783493542	63970.9820839537	2.76682687011223	-113127.26208562	-215.307951900852	69776.9862487436	2.19917220475627	121.924856386038
0.142153802261622	-91720.2789903747	-222.799166038481	49437.4766398981	1.10116234412528	-67400.940121368	-300.687205290059	102235.187460499	1.25220774441471	-93539.3615679694	-288.750651845352	62158.0931462649	3.46493916724249	115.412116560772
0.159696550185355	-96855.3798157554	-251.479335278288	56923.324848155	1.49023380095035	-91830.1325061661	-309.016684843883	68250.9463138379	1.5517887542002	-123375.593701275	-281.015388400538	59364.5877381945	2.66395620196338	119.135621837684
0.159526573919368	-93741.1343797211	-241.285299222141	44434.4997572897	0.411036339013814	-95719.0728523094	-298.953760530058	87028.4667853112	2.99398993615756	-125472.179258866	-270.094711164754	32474.0064352047	2.39719260296057	120.774014711932
0.141670383201266	-90519.8207776105	-222.567001917396	54650.3518692184	0.747306550522346	-61219.5894610791	-317.069205794743	53615.3947664276	0.547120205917882	-34203.2466399098	-209.88746972501	87318.3538908664	4.08275688019637	118.070727882443
0.135955172642708	-98382.2816735324	-235.907597536523	53626.2839212202	1.14999049213411	-73518.4836861739	-281.210226697148	43052.6263355819	3.7807806228528	-69127.931160086	-288.18315742795	29504.63769024	2.23489812963368	119.782731880972
0.137074508878205	-94528.8201514752	-235.931044005254	52892.7291195913	1.03026146285088	-28391.5328926742	-203.788100558094	26371.6934544304	1.50061311693346	-128840.728642719	-271.251896898527	43280.489300265	0.0930043372571758	121.800306622895
0.137295757697446	-87480.3115747316	-215.165286043684	57443.0828946583	1.72449547025967	-22834.3421476103	-213.535814669482	109902.879386392	1.25821179558511	-45143.7045517688	-213.630324218713	71039.6369019008	0.977652090922957	121.425591283917
0.16429058014287	-90129.8187313907	-236.274137340799	52151.5107743917	1.65666838687902	-18103.884965576	-270.436049550569	118346.955001298	1.08482364016148	-85429.2482658136	-270.40378787275	86644.3750088589	2.15864555775023	117.210544564423
0.131814816965642	-92823.8634087355	-222.569229913583	56787.9059280491	1.77160598244318	-92283.8240344421	-295.100293333195	90449.0529124257	3.27814181605585	-36364.2694483004	-207.512619332821	113892.660786981	3.43278055718243	119.522800725352
0.166319333172394	-88914.7860880523	-237.895781938529	53787.7124644307	0.730952682781591	-93603.6725279024	-244.550421639086	40455.5884232247	0.598062136203761	-140725.129997037	-266.953619924873	78563.1425655342	3.11000719414552	119.230588087667
0.138017690685926	-93462.5853032971	-229.639363743455	52662.1744710395	1.07086207045595	-37745.3027750119	-264.787397984056	114773.638957571	2.11873383359515	-139329.525062969	-274.125221446176	61395.217184239	3.67984929594133	119.041900525658
0.145232420333747	-90714.5672272793	-226.890396032098	52505.4722858187	1.48862764511958	-52944.4828038809	-318.909779069359	67833.0646405087	0.636287458787076	-84381.7841584956	-204.187805845194	48303.4503937108	4.10705746031729	117.125468323744
0.17013578349268	-93557.9258158957	-257.661514686795	42019.2893115316	0.200132115676784	-81910.2349933373	-274.439463031356	81195.1727574836	3.10842016445409	-114419.492524976	-237.987455759966	49550.5401177671	1.54657238170709	121.088292570803
0.146568207651934	-87335.909106776	-218.460303391592	55639.7301543329	1.19258454973079	-58412.5139784933	-304.932275584365	16077.2654614747	1.73449173195365	-42407.5482599144	-231.563810901068	106080.399731157	0.875999905857088	119.313419314981
0.14128030516337	-88127.4570866584	-215.836012836717	58849.615288519	1.71052624278094	-59323.348331785	-294.71151609277	118691.364974391	3.74497644547329	-47392.1228569141	-286.33995711199	49331.4148248809	3.46819305544344	117.931770487723
0.150618887829517	-89340.4703904518	-229.826928675063	53795.5042926127	0.835042189359229	-94653.1019859121	-223.413876691547	111980.400385726	0.131622723394523	-138346.882557757	-223.286163821832	79247.1220960549	2.94533944529926	118.432381475804
0.143767820499034	-93722.1086030212	-225.823027424828	45004.1307704698	0.962412965521736	-49277.5580432307	-284.362505728188	25126.6978665123	0.502799620600345	-38308.4834086544	-212.506692260821	66020.994820596	1.7304857580223	119.596721346864
0.13761316773374	-88749.8962762671	-216.701873899697	54059.6056732908	1.48789680822148	-84260.3783398001	-291.820420696766	101283.307429006	1.24511875661903	-30255.3595961116	-229.39259418031	67180.8649951586	1.22958066166568	115.4353114603
0.158729287753665	-87773.6639243567	-216.821595877535	56832.8910413851	1.2064553183673	-64977.5987740959	-309.495539745626	64499.8210902593	2.37022774220094	-130106.098781056	-314.205319903994	80320.8802922253	2.80871693673605	122.416267468123
0.145226922467415	-92926.0281108588	-223.584470934903	54024.3867010352	0.691986053743003	-65065.579911757	-281.4066837305	16912.3485905224	3.24987219010883	-67686.4088157464	-243.375781943861	115008.012256925	1.86469156467264	121.073641988118
0.164504707249345	-97191.3035896116	-259.031549836885	51280.893071401	2.8672199309652	-64160.4311679906	-296.462820158508	42251.7682169318	3.73613123408562	-84170.7872524215	-269.470087581897	28123.6932375267	3.64696783350457	121.191862584005
0.14002324186496	-87277.4920808363	-218.874481999964	58362.7754933927	1.7410234754637	-75104.9117433968	-276.187806991161	62415.1300843555	0.340438352601213	-72141.4620943222	-249.839338464017	50396.6885525078	2.1159228933107	122.186995531461
0.134357146146254	-93234.9804430886	-223.446721721659	55591.1037154693	1.23439438596746	-41739.6466075372	-265.236270990457	38216.8659505768	2.07272126726731	-53773.3678923059	-318.844437451254	102692.180797412	0.862486775011239	122.683979211081
0.168566989878482	-86428.1231192576	-223.485214236449	46714.9682806685	0.176248111685925	-75359.3638477248	-268.626175290649	73613.8916660353	0.238546550073127	-126301.357961387	-269.037399679725	82957.4232163302	2.63260926305386	119.911652338967
0.163884491868071	-92825.8303815509	-244.006428767613	45498.4419441496	0.419005568061924	-76039.2355546215	-308.103918748806	26041.7346336632	1.4223819194816	-44006.3169910893	-253.192523730748	31820.5390714463	3.58269167964512	119.595126525595
0.152276007378486	-92511.088423625	-225.134401153526	53870.6314460033	0.464576643631004	-45399.097876934	-307.930116281255	94586.9929724092	0.650921921853691	-98787.810715344	-309.2448000752	76483.6363588196	1.85713741211312	117.082134299886
0.160064457179337	-93292.6010190676	-246.110296657437	43588.8998712496	0.519482438542447	-90723.4404603508	-270.966383177531	101005.736961184	0.831291943650912	-82497.0906131646	-284.708223167574	96691.3344383424	4.12302545567201	117.105883728265
0.13178851853205	-100549.223668408	-230.963967625409	53526.7495544643	1.38329868747781	-36795.0197240734	-312.494232665379	63040.8823670811	0.794907153502121	-90329.6502953122	-302.680033477868	105449.93271135	3.32710430871065	115.174269715822
0.152211729596553	-91525.427392555	-228.163330782526	50321.5913290301	0.893477586727218	-47221.7145281254	-299.947976891367	107708.96804028	2.75033758788022	-69546.9490031815	-303.902772669888	74291.3777708684	2.13094533078444	116.57974891325
0.153411194917465	-96730.0976787071	-247.319434358389	42944.1880331665	0.593273245880967	-76876.0104979827	-314.211748788324	26284.4764931032	1.75692462433324	-54343.2343637879	-291.107039845369	115986.639068362	0.278407426566049	121.584901459367
0.142537107181983	-90788.517776862	-220.326908372904	55191.4290614369	1.2319008825396	-74607.5165580427	-207.594375631146	100507.082277869	1.03949471021927	-57014.156737093	-200.162240021603	55076.0541523079	4.16313888127514	119.704034481582
0.146060812672117	-87952.6952156502	-222.857571791882	54448.2534127341	0.738040450393966	-40245.9853694123	-219.041251643843	39430.0886731874	1.2750064636051	-55662.2400189438	-246.716503095938	25587.2744407782	1.94707406366574	119.952458596504
0.143993548470865	-93386.6041221515	-218.953828385896	54437.1355566535	1.36200403633531	-64303.64264097	-240.543809812201	17536.9553917372	3.84406993044629	-41839.9303222673	-248.039376195835	32922.0206090063	2.90001834797721	110.267826536329
0.15992548337084	-96355.194205925	-245.636207255247	51263.8988577938	1.74600744468973	-88454.3178088471	-245.48899838609	74510.138038088	1.189063422101	-41568.1703438658	-295.045238731322	100448.112089365	0.471139692398244	116.487357761469
0.141207295996561	-93319.1622709046	-224.648135803269	55895.953547675	1.35507265819976	-45711.3145796032	-284.508872812843	13386.5238428528	2.91095569266313	-131879.277069105	-274.058196662879	70961.7677053882	1.47220211744305	120.622684746627
0.146559898616843	-95056.1646508578	-235.268266633212	51050.0785362959	0.67488205478815	-98328.5182943326	-292.014544079277	92115.7479805255	3.18607371740139	-47367.6103533378	-219.922358612741	76687.3846625135	0.649937584116755	114.419161955646
0.160671367131327	-92212.3944031392	-235.972990260549	41923.5821289604	0.519618057221442	-95614.5470465121	-290.215529780501	106864.246158918	3.19167247004707	-38571.1790641341	-274.786344294575	31762.1197514106	4.26656606711002	120.750812380673
0.143959590994693	-89439.3045800497	-226.777857802323	46776.5271040112	0.453885747994432	-43341.1650244936	-302.817419023613	104112.23547297	1.45078624153557	-91024.6076731721	-207.844220521948	104339.265355658	1.49893407063072	117.918835241601
0.135064725421491	-93425.6962702956	-229.940076954079	56424.2084113787	1.09196110618116	-15385.559646044	-205.661030761537	70364.1361497489	0.522614668343173	-82676.3105245788	-298.405827439702	32684.6670655788	2.04680241793448	116.146719868451
0.140474814158538	-96146.3075103819	-230.018003537059	54767.5405149498	1.80324822858048	-94260.6061217661	-230.311801623307	93180.6209139064	1.76742178376062	-43246.6450630233	-251.991461866197	46311.9752233816	3.39401623668692	120.554403393694
0.156552177881662	-91190.98556815	-220.875209625877	55307.2754766711	0.414077977176982	-40552.1760840917	-228.619346510879	22267.9936033123	0.59027747428266	-73644.1717141928	-293.79278265645	35993.6437484344	3.00305454857269	116.488216099765
0.157965351073887	-93325.0625134403	-252.980203667024	53311.9498836782	1.98741682919551	-52057.4339615768	-247.246091377678	33791.2780657532	1.05935733153298	-46355.0578926665	-203.037745535758	97539.2516238928	2.85543686512809	118.911572074889
0.143337600165779	-86907.8306121934	-216.564285130384	54964.7811576499	1.1070454777585	-27846.282795867	-298.187588642017	117799.410020877	3.92774987773417	-67373.5925098474	-205.283457626223	89743.5607258269	1.14440973793641	118.776118531381
0.143783112139124	-93276.5979029388	-225.944041518199	57263.4467261388	1.51289000047694	-13026.4524503241	-239.968450364094	17685.592570067	2.12099894975488	-43420.9651442777	-252.272821687193	29107.3607729745	3.72916068763478	120.005650247038
0.142863622471461	-91582.3539338598	-226.584674734498	53544.3568701911	1.73408931291558	-89936.5317248698	-235.836952091074	52699.9818297221	0.293747353308815	-88781.4631736772	-273.890032497729	94941.8814800568	2.70155022750856	120.991671859298
0.165292746314556	-92032.1363455258	-240.469001104848	44541.0871141035	0.31084172167672	-26471.4669974231	-225.811527660143	21385.2340907479	0.638428480558164	-78348.8113679373	-228.06176664273	35548.1968402606	2.44593766391159	118.331238693278
0.158237400687401	-88695.0343285266	-219.434986107921	55464.4956157357	0.864184587817483	-33634.2373119962	-300.99754160718	75303.2340201957	2.58843539396355	-39693.6140107271	-244.809465150968	31015.4596293492	2.35805276726259	118.231888627747
0.136095260431939	-92515.990762935	-223.687095261671	53005.1640650281	1.18830822222666	-96736.7897404503	-298.091171534659	76224.0932726109	2.75791862746637	-121359.392183536	-248.758773122463	73356.5573387574	3.17211871462133	116.775187158934
0.159402783847017	-91768.5585823755	-237.013558582109	52883.9766016871	0.587509837132624	-24610.4370553743	-318.172025022053	111624.30218268	0.0463216477828984	-79291.3938670664	-299.649877830648	45754.1334469967	1.44158159862348	118.092934627006
0.164516793133772	-89027.7466479593	-237.398378914743	42006.760161738	0.393315225331259	-87928.9632179824	-281.837248841898	118572.46787118	0.823799904096404	-89662.8971932069	-254.684179466749	34592.1364309743	3.37428345849213	120.269152125457
0.158625921100587	-98254.123927053	-252.962783688757	57733.1639960872	1.92774103645863	-14424.3803147717	-206.481062848567	61199.0000196851	1.34628105567573	-81486.2299686935	-283.529675154304	28772.3687033436	0.735180959961163	118.954475378381
0.166040395260931	-89436.7578146388	-233.737700927639	44123.7223138949	0.640170756690266	-84869.5950382203	-210.177902978645	119664.29053655	1.2857259504312	-50875.3588359979	-277.615170524737	94934.1257774305	1.82169494775203	115.785098071069
0.160922360812283	-97366.3875956655	-250.901378147252	50487.5084988445	0.771821918311528	-33970.4820460065	-238.172174446592	100794.410490759	3.45186123039706	-120480.298258929	-263.234782301715	104535.556930643	1.07755852341038	120.813612402996
0.137556397680546	-93522.6950035815	-230.22176431683	52166.0181363604	1.59834458375128	-16909.3611267447	-288.905944094077	102610.210376466	0.920579553110802	-61573.39885634	-307.975895370504	118560.484634367	3.816496570758	117.256304955667
0.144946598711651	-93188.0978733915	-225.393483074939	55124.5993407066	1.97514646275034	-47184.6366243945	-314.011675148598	114343.798051539	1.20180410961574	-49347.7046144228	-299.965111015875	88244.5091990518	2.43126008447911	115.893137118611
0.144152213916772	-90442.777814426	-222.354200224065	55017.0696759922	1.10832258306595	-26562.4230194164	-240.393497081163	87736.7986234746	0.32310862738322	-71848.3769226943	-315.751329101122	49979.2010730873	1.45308735440071	120.09478797346
0.153192352982437	-85908.3782995089	-221.270021775373	53416.8388321125	1.58126718648548	-88411.7928214913	-271.230021437117	109147.340518572	0.447188666625704	-109701.931835529	-302.13723357438	117116.726445002	3.27982492342127	116.216734300313
0.159141134466683	-87177.4080869318	-223.462264919791	47233.6480164688	0.233592556036753	-36846.4797688197	-290.524735596915	104352.266543283	1.23341013789555	-63535.2901320117	-282.309583872003	81177.6763348185	4.19108153319216	119.516296690549
0.152221994174651	-89083.6561786057	-222.62975359382	53005.7432014534	1.09993076841403	-31751.2361021135	-293.832099154364	33046.9590281215	3.49499719733692	-71755.0613624393	-287.99462533442	87643.9338660531	2.30650232090558	118.586294766436
0.16190375034825	-86900.5861959856	-232.243825242723	57577.9543666405	2.05977516979651	-86457.888539444	-266.764690851008	91390.5250498749	0.403008513061538	-71716.7118230085	-305.728008564023	55224.382293766	2.40210821738583	117.869879046651
0.163886172251248	-87155.3100610626	-229.50552260656	42074.734044067	0.47594900293185	-37008.3298509905	-250.920087526873	118188.18815839	0.288827621188568	-128821.552821684	-251.730391977987	52141.8227159549	1.29612254313104	120.315467907408
0.151325518393196	-89333.5125501774	-218.365668503219	55024.8881512891	0.585938689795938	-52278.4320118419	-305.560366768387	108406.23833626	0.264794235476236	-72215.8103641267	-236.81006906232	88952.9512722053	2.29209389618198	116.148842523735
0.147965267629901	-91722.8768156413	-222.565761672639	49393.6550135316	1.17098099381537	-59412.4082237552	-310.214379231231	119614.327497213	3.13530432971413	-70162.9159799196	-292.942787834018	84168.4424572251	4.24234019335959	113.139336830993
0.146388030299817	-88111.7808003987	-213.219952679644	53706.2320205051	1.42498423442394	-91902.3450410824	-302.003019375071	109417.549336254	0.177542111498917	-108918.37971255	-242.386202576539	89624.3858966047	4.14323799784034	119.177191516726
0.159577828838814	-95099.5684835448	-244.460885559011	43273.6743219912	0.451088100645573	-81684.1570254368	-278.892005154136	25304.7992289405	3.22763996646035	-49292.3611814865	-272.339603219904	111207.643619671	2.141892334224	119.844356172742
0.143524188779915	-91460.0552456862	-226.9370726763	54362.0118954284	1.22198398559109	-20203.2737452782	-288.842406672116	15016.0392548616	1.67488703177253	-63985.1119455502	-203.355567341806	116363.951158658	3.57607009828427	120.54339723439
0.157768788748815	-98036.66272677	-255.729787561051	54661.9812710323	1.95401984451062	-95343.1902783231	-243.448881327916	118735.434808787	1.54258702538146	-83440.7072541303	-286.308269792778	26033.5797533667	0.139779300722881	118.407984047245
0.146212142329375	-90323.0983032913	-220.515262544814	56087.64754924	1.0679903961719	-75043.7053099704	-205.779072876253	112334.472245417	0.975679439044456	-41487.7398995898	-293.477950938098	36214.1505569607	1.89738001160128	116.530375980613
0.139724279641486	-93417.5956507204	-227.492860850819	56592.7104665069	1.34355258791221	-47064.0188666028	-260.437105488883	115177.623284335	1.49053854362351	-51387.336956651	-215.946243173082	77435.8938310647	4.07506867710467	115.574492169362
0.156618317068708	-89133.9061560782	-228.430360731346	51316.4849225876	0.84048930360667	-59504.072357828	-257.22251322743	45896.7440867111	2.52225515111442	-74078.0443001157	-240.096928921646	42464.4826101993	1.48315039657049	120.950286866311
0.156817764227285	-98034.5275324504	-251.006507175194	49966.2049811913	1.24715950738098	-18201.6569722754	-256.432914488471	13050.0718497954	0.95352995277982	-72909.8736745017	-204.101913123903	84538.4421438681	1.07947503571197	120.538541464065
0.163242970556437	-91618.2943149282	-240.242480321193	44174.1008144716	0.554954367854146	-95709.7334118202	-229.755237814209	69779.9433686501	3.54206096613678	-30225.9531887371	-274.363409112285	75698.241844479	3.43343787370459	120.260440941555
0.159868030952239	-92551.7657294753	-240.264852335673	47900.8687347104	0.37841560170744	-58186.9612826438	-206.70578655642	102601.821884547	0.800995424256364	-80740.1471639404	-290.995640656393	49487.6522532558	2.2228318616945	118.155785616728
0.158583596642791	-85967.17287341	-221.910550635025	49675.0127345976	0.503283325099947	-75596.8233371639	-282.638152159024	90093.9886953056	0.918793911147709	-103585.16819206	-251.318485661869	101382.320113513	3.53579190074353	120.460843810347
0.162101806613625	-99863.6945982797	-251.705041264385	42124.9824293734	0.667013881511483	-66636.091094172	-314.751911393442	25846.4688729993	0.0768017902508145	-130431.461914038	-246.21139129241	79547.1629079933	0.750890210944947	120.600095414843
0.158475754108471	-104926.084725606	-271.174873649154	51739.0839760343	0.905450115969718	-94485.9723802948	-267.064495003745	112513.347944382	2.27666109666222	-127493.167616374	-245.639440811581	31718.8610845946	0.702763475738593	116.881164493632
0.160946188441184	-95164.7137345909	-246.344956397056	40970.8757431305	0.758292780206531	-97327.6740253485	-274.852520227519	118336.778653701	1.7381914988256	-57015.9414802035	-291.418812804731	43454.7383560015	0.65923716999757	116.960811182813
0.148352627560939	-89576.2159610231	-225.211630537352	54590.7013961267	1.85549692190332	-80640.8668833026	-314.060124600597	60474.0142715825	0.0885980067473324	-54508.9787018854	-220.614899722871	32006.242663384	2.27463622088787	118.727456088039
0.148938719627143	-88931.2117449252	-221.961148100692	57254.5228715075	1.90623483138684	-69211.2252299774	-276.73293100987	99906.1418231171	0.370837826086847	-53798.4610948741	-289.245878903238	37687.4776167177	0.321210446448764	116.858614945484
0.146423124015948	-92979.0457137786	-233.642664560266	51000.8718511029	1.27530055593999	-86501.8217586655	-264.198475049958	23347.9383050521	1.70458235981347	-66766.0981478157	-261.265440239755	33960.1506122486	2.91552388185112	118.719035910363
0.161838264765883	-88443.7734987633	-231.333571440492	44458.5337358304	0.490342629151796	-87466.5287476713	-313.971192980114	76869.9135788799	3.786376918776	-45550.7096698879	-280.792596664324	37670.3988746347	1.5183602945343	116.631231029051
0.149742863602022	-86455.9062981954	-212.270754337005	55072.4306074138	1.02053494078923	-10233.5796182654	-297.365068794356	59945.8905096418	1.37557052762133	-59913.0252715064	-212.778326999991	26040.7847846257	0.19652806044218	117.281463739876
0.155736447271572	-88552.8823657021	-232.664397769684	48826.5858306405	0.616148197293935	-44436.0419849113	-242.14387408362	74288.8047382695	1.21242236067214	-139650.598888498	-286.796815591329	30682.6985678758	0.727273008910092	119.291503889796
0.15669018130234	-86475.4347571194	-217.150053885231	53457.6011797606	0.319410422480987	-65922.7043526079	-215.575972460932	25901.7792955697	3.25866563362852	-30879.2628844309	-293.461785271793	44656.8281223947	2.42455242488576	118.192105994575
0.146896644134064	-93856.1831559202	-224.34501860365	56567.4840479025	1.09027716303124	-72375.5537778126	-308.731750780699	35510.9422224222	0.515071664617604	-125304.404241071	-222.085251638946	118470.717704187	2.03110742547032	120.555650238608
0.143697950413911	-90425.5924328863	-213.938802125519	53393.4967791238	0.843126369543532	-61275.4428440085	-300.777532412053	54330.3296929503	2.98914181012845	-135719.557228787	-214.880471201848	38767.1782976064	3.5677463388741	113.687717128293
0.153842508954017	-90657.5706361753	-220.571841352965	55878.5032191727	1.46887924735376	-58052.789965691	-294.555618421102	38831.0444189819	1.20743273539155	-32854.0609683049	-284.716317100097	77495.4265268541	2.60456804310121	119.732791421313
0.148573588837236	-88519.8072203256	-224.018119290469	51427.0979059061	0.653248769138972	-51725.0480437295	-307.512765640023	110375.975140704	2.68810064473731	-104680.90402902	-267.451771496122	78571.8952385325	0.43060520283502	119.333735752768
0.144601919143668	-90196.7712163951	-224.108952259108	53506.1620916966	0.82538964891214	-63580.2133544884	-312.348145021975	46657.1106420729	1.15994867725334	-74570.0140151092	-319.461874865495	109159.787737668	0.461362027163021	115.624356905278
0.153162084087575	-88265.3014719407	-220.618879629723	50488.4704295487	0.626065256904952	-90842.6736818709	-305.011722758431	66329.4757763156	0.452411124438118	-85574.5685825745	-212.185276631453	62885.2625191844	2.62859612146874	112.570790107078
0.158348113862872	-95457.3195366921	-251.12805691507	43943.4584342999	0.485338955166323	-81972.7311093921	-220.470040062511	115518.194149309	0.682801428907978	-89509.7417359618	-210.672714138654	115749.986837207	3.2840145538881	117.929053214166
0.149158331219009	-86129.2076361113	-219.165647156378	44364.1733353634	0.354941258059459	-81955.5479740274	-276.458301675828	77045.9395967666	2.29948811958522	-54782.7732885225	-278.692584891155	69531.0948761746	1.33147595055772	119.960626698524
0.146145326791539	-89362.6862051569	-222.491856297902	58101.8480820719	1.23750835282017	-86294.9606918639	-210.081850212855	53189.6250248478	0.817855337357755	-88599.3375106531	-310.846403212037	90450.2130600932	0.612141850101603	112.403818541753
0.148407850317954	-91318.7375265306	-223.896518836841	53869.9241691269	0.747628145766448	-55729.6057415421	-239.827497606952	110894.651186922	0.240423875346043	-47497.8749993126	-316.542259900745	57442.0084166212	1.49136961161756	120.964800574052
0.157242806904657	-102532.782741448	-264.999318934976	56277.2630257364	1.39940441439577	-18280.9401926741	-279.847711811736	74933.6943791786	1.84359508657719	-148217.546663111	-303.860554838263	31357.4576146403	1.56492784985658	119.869064750749
0.161243061867806	-85972.4074337434	-229.750722994654	56004.9749334621	2.43180690670232	-92058.3067997535	-278.526238204125	21087.7223320462	2.58160455055008	-44008.0274738582	-228.290992070442	29974.2063251762	3.58375070944983	118.232507705351
0.144919060570475	-88248.4196543306	-218.368821621002	54523.4030563899	1.23767131630254	-79102.1651483238	-263.172380781942	75573.1856414295	2.15102945555609	-63066.2870618979	-281.480280492804	84427.7125800985	4.18151566248108	116.110559198525
0.161602715773356	-88483.4781470098	-221.313548350305	51649.6395397618	1.18034508543728	-98902.5065411006	-284.86407523407	34395.9932782741	2.44384208332316	-94471.8447316616	-260.183526950996	103776.171448884	0.626151798763315	116.940069836319
0.137635626948776	-90917.3404157131	-224.300185886374	55271.2104613553	1.95396125319438	-48693.1308148386	-310.235301035606	77117.3175563837	0.49773385842048	-107517.900423679	-215.447474548488	27927.4139611468	3.94266542593541	116.041398857062
0.136059585573473	-94169.3671624945	-235.347044160985	53054.6216898914	1.17172965523523	-69583.2406004918	-282.076936186925	55259.0425601068	1.95786446462992	-87681.8425394795	-269.782667242948	70399.0910167234	0.026621735889337	121.955561225281
0.161076201757479	-95891.5440140207	-243.488948014041	42652.1864680825	0.519011785750994	-32432.7758069153	-310.721458327503	85023.2100255302	1.30719073253924	-80202.3206196546	-258.699504102585	33358.1034528083	0.768123725013598	120.015410852252
